0 12 6 13 3 2 11 4 5 8 1 9 10 7 
ans.: 39
0 9 8 6 2 13 3 11 4 5 12 1 10 7 
ans.: 39
0 8 10 7 1 2 13 11 5 4 6 12 3 9 
ans.: 40
0 3 11 4 5 13 2 6 12 7 1 9 8 10 
ans.: 36
0 8 9 1 2 3 5 4 13 11 12 6 10 7 
ans.: 37
0 11 5 4 3 2 13 6 12 7 1 9 8 10 
ans.: 32
0 8 9 10 6 4 11 3 5 13 2 1 12 7 
ans.: 39
0 8 9 1 2 3 11 13 4 5 6 12 7 10 
ans.: 33
0 7 5 12 6 4 11 13 2 3 1 9 10 8 
ans.: 39
0 9 8 10 6 13 2 3 11 4 5 12 7 1 
ans.: 33
0 9 10 7 11 4 5 6 12 3 2 13 1 8 
ans.: 38
0 8 9 1 10 6 5 4 11 3 2 12 13 7 
ans.: 39
0 1 12 6 4 11 5 3 2 13 7 8 10 9 
ans.: 34
0 7 9 1 5 4 2 3 11 13 6 12 10 8 
ans.: 38
0 1 6 4 11 3 2 13 5 12 8 9 10 7 
ans.: 37
0 9 8 1 7 6 12 13 5 4 11 3 2 10 
ans.: 37
0 1 6 5 4 11 3 2 13 12 7 10 8 9 
ans.: 33
0 8 10 9 12 6 5 13 4 11 3 2 7 1 
ans.: 37
0 7 8 10 9 12 6 5 4 11 13 3 2 1 
ans.: 33
0 9 8 10 7 1 2 13 4 5 11 3 6 12 
ans.: 34
0 1 9 8 10 7 4 5 11 3 2 13 6 12 
ans.: 33
0 10 9 1 4 11 5 6 3 2 13 12 8 7 
ans.: 40
0 12 11 3 2 13 5 4 6 9 8 10 7 1 
ans.: 36
0 10 13 3 2 6 11 5 4 12 7 1 9 8 
ans.: 38
0 8 9 1 2 13 5 11 3 4 6 12 7 10 
ans.: 33
0 2 5 13 11 4 3 12 6 7 10 8 9 1 
ans.: 40
0 9 1 6 5 4 11 3 2 13 12 8 10 7 
ans.: 35
0 10 8 9 1 2 3 11 4 5 13 6 12 7 
BEST! 30
